chain	FA	Xexp_avg	Xexp_std	XNlim_avg	XNlim_std	Aexp_avg	Aexp_std	ANlim_avg	ANlim_std	GexpUrea_avg	GexpUrea_std	GNlimUrea_avg	GNlimUrea_std
C14:0	myristate	0.022772731334865515	8.865554860487642e-05	0.02905974312917977	0.00044346261651772895	n.d.	n.d.	n.d.	n.d.	n.d.	n.d.	0.0076887842777425865	0.00035300303067175464
C16:0	palmitate	0.29466038579383513	0.0010410840446194258	0.31619920982829547	0.004873208196350623	0.184023836898239	0.002094423231617987	0.2108471044143351	0.008803964175535051	0.17744801766937868	0.00123048483954079	0.2638398644275821	0.005887260560741552
C16:1	palmitoleate	0.011946489270373435	0.00036454048047113624	0.013425699181637597	0.0003555267618479094	n.d.	n.d.	n.d.	n.d.	n.d.	n.d.	n.d.	n.d.
C18:0	stearate	0.06621954824061053	0.0003583044177133465	0.07066644728840914	0.0020141007070751636	0.1359079997556914	0.0024408227392371607	0.14276053283812798	0.0041667529177741745	0.04878193302080167	0.003835811561905218	0.08649823619988216	0.0023384578958409066
C18:1	oleate	0.41286573976214497	0.001208908791592528	0.4138122705044424	0.00467211670397374	0.42572672068355205	0.028757120784155658	0.5058746929877428	0.0055548334745147	0.32751023179678046	0.010444686663077478	0.5188799551854127	0.0036415431795007386
C18:2	linoleate	0.16308630011395592	0.003006210078798591	0.1342608574988	0.0018025295438563094	0.1978920701814524	0.021664061459624375	0.11260568512979557	0.0007353486475012459	0.3387260670461821	0.007899883545968852	0.10065752504035497	0.00014181754969707893
C18:3	linolenate	0.028448805484214426	5.5283204202858045e-05	0.0225757725692355	0.0003406839533099538	0.056449372481065095	0.007439458832150585	0.027911984629998523	0.00018227356925261984	0.10753375046685708	0.007611099518554586	0.022435634869025205	0.0004020800657686183
